$ 1 0.000005 10.20027730826997 50 5 43 5e-11
156 64 240 80 240 2 0
156 256 240 288 240 2 0
R 0 432 -32 432 1 2 40 2.5 2.5 0 0.5
w 32 272 64 272 0
w 160 240 176 240 0
w 64 304 0 304 0
w 0 304 0 240 0
w 0 240 64 240 0
w 176 240 192 240 0
w 192 240 256 240 0
w 192 240 192 304 0
w 192 304 256 304 0
w 32 272 32 432 0
w 32 432 0 432 0
w 32 432 224 432 0
w 224 432 224 272 0
w 224 272 256 272 0
I -48 256 -48 304 0 0.5 5
w -48 240 -48 256 0
w -48 240 0 240 0
w -48 304 -48 336 0
w -48 336 176 336 0
w 176 336 176 272 0
w 176 272 160 272 0
w 176 336 368 336 0
w 368 336 368 272 0
w 368 272 352 272 0
w 192 192 192 240 0
w 512 64 560 64 0
w 512 144 560 144 0
w 512 224 560 224 0
w 512 304 560 304 0
150 560 80 608 80 0 2 0 5
150 560 160 608 160 0 2 0 5
150 560 240 608 240 0 2 0 5
150 560 320 608 320 0 2 0 5
152 704 192 752 192 0 4 0 5
R 560 336 528 336 0 0 40 5 0 0 0.5
R 560 176 528 176 0 0 40 5 0 0 0.5
R 560 96 528 96 0 0 40 5 0 0 0.5
w 608 80 688 80 0
w 688 80 688 160 0
w 688 160 704 160 0
w 608 160 672 160 0
w 672 160 672 176 0
w 672 176 704 176 0
w 608 320 688 320 0
w 688 320 688 224 0
w 688 224 704 224 0
w 608 240 672 240 0
w 672 240 672 208 0
w 672 208 704 208 0
w 752 192 784 192 0
M 784 192 816 192 0 2.5
185 336 32 368 32 0 2
w 352 240 400 240 0
w 400 240 400 192 0
w 192 192 368 192 0
w 464 32 512 32 0
w 512 32 512 64 0
w 464 64 496 64 0
w 496 64 496 144 0
w 496 144 512 144 0
w 464 96 480 96 0
w 480 96 480 224 0
w 480 224 512 224 0
w 464 128 464 304 0
w 464 304 512 304 0
w 0 240 0 32 0
w 0 32 336 32 0
155 -176 240 -160 240 2 0
w -48 240 -80 240 0
L -224 240 -256 240 0 0 false 5 0
w -224 240 -176 240 0
w -224 240 -224 272 0
w -224 272 -176 272 0
w 688 320 688 400 0
w -176 400 -176 304 0
155 496 400 512 400 1024 0
w 688 400 592 400 0
w 224 432 416 432 0
w 416 432 416 496 0
w 416 496 608 496 0
w 608 496 608 432 0
w 608 432 592 432 0
w 496 400 -176 400 0
