$ 1 0.000005 10.20027730826997 50 5 43 5e-11
w -464 240 -448 240 0
w -448 240 -448 272 0
w -448 272 -416 272 0
w -320 240 -320 272 0
w -320 272 -272 272 0
R -672 240 -704 240 1 2 100 2.5 2.5 0 0.5
w -592 240 -560 240 0
w -672 240 -672 272 0
w -672 272 -560 272 0
197 256 0 288 0 0
157 416 0 432 0 0 7 0 0
w 384 0 416 0 0
w 384 32 416 32 0
w 384 64 416 64 0
w 384 96 416 96 0
w 384 128 480 128 0
w 384 160 512 160 0
w 512 160 512 128 0
w 384 192 544 192 0
w 544 192 544 128 0
156 -560 240 -544 240 0 0
156 -416 240 -400 240 0 0
156 -272 240 -256 240 0 0
w -592 240 -592 304 0
w -592 304 -560 304 0
w -272 240 -288 240 0
w -288 240 -288 304 0
w -176 32 -176 240 0
w -320 64 -320 240 0
w -448 96 -448 240 0
w -320 64 -144 64 0
w -288 304 -272 304 0
w -416 240 -432 240 0
w -432 240 -432 304 0
w -432 304 -416 304 0
w -656 368 -592 368 0
w -592 368 -592 304 0
w -592 368 -432 368 0
R -656 368 -688 368 0 0 40 5 0 0 0.5
w -432 368 -432 304 0
w -432 368 -288 368 0
w -288 368 -288 304 0
w -176 32 -144 32 0
L 0 368 64 368 0 0 false 5 0
w -144 32 -112 32 0
w -112 32 -112 -48 0
w -160 96 -160 224 0
w -144 224 -64 224 0
w 32 224 240 224 0
w 240 224 240 96 0
w 240 96 256 96 0
w 32 64 256 64 0
w 48 -80 208 -80 0
w 208 -80 208 32 0
w 208 32 256 32 0
184 -64 224 -32 224 0 1
184 -64 64 -32 64 0 1
184 -48 -80 -16 -80 0 1
w -112 -80 -48 -80 0
w -144 64 -64 64 0
w 0 368 0 320 0
w 0 320 -80 320 0
w -80 320 -80 160 0
w -80 160 0 160 0
w -80 160 -80 16 0
w -80 16 16 16 0
I -144 256 -96 256 0 0.5 5
I -144 96 -96 96 0 0.5 5
I -96 -48 -48 -48 0 0.5 5
w -112 -80 -112 -48 0
w -112 -48 -96 -48 0
w -160 224 -160 256 0
w -160 256 -144 256 0
w -160 224 -144 224 0
w -64 256 -96 256 0
w -96 96 -64 96 0
w -160 96 -448 96 0
w -144 64 -144 96 0
x 84 355 272 358 4 24 CRESCENTE\s\q\s1
x 81 388 303 391 4 24 DECRESCENTE\s\q\s0
