$ 1 0.000005 10.20027730826997 50 5 43 5e-11
156 -32 192 -16 192 0 0
156 112 192 144 192 0 0
156 256 192 272 192 0 0
R -96 336 -128 336 1 2 100 2.5 2.5 0 0.5
w -96 336 -64 336 0
w -64 336 -64 224 0
w -64 224 -32 224 0
w -64 336 80 336 0
w 80 336 80 224 0
w 80 224 112 224 0
w 80 336 224 336 0
w 224 336 224 224 0
w 224 224 256 224 0
w 352 192 368 192 0
w 368 192 368 112 0
w 208 192 240 192 0
w 240 192 240 112 0
w 64 192 80 192 0
w 96 192 96 112 0
w -32 256 -96 256 0
w -96 256 -96 192 0
w -96 192 -32 192 0
w -96 192 -96 160 0
R -96 160 -96 128 0 0 40 5 0 0 0.5
w 80 192 96 192 0
w 96 192 112 192 0
w 96 192 96 256 0
w 96 256 112 256 0
150 176 384 224 384 0 2 0 5
w 208 192 208 240 0
w 208 240 240 240 0
w 240 240 240 352 0
w 240 352 144 352 0
w 144 352 144 368 0
w 144 368 176 368 0
w 224 384 256 384 0
w 256 384 256 256 0
w 256 256 256 192 0
w 96 256 96 400 0
w 96 400 176 400 0
197 448 0 464 0 0
w 96 112 96 96 0
w 96 96 448 96 0
w 240 112 240 64 0
w 240 64 448 64 0
w 368 112 368 32 0
w 368 32 448 32 0
157 624 0 640 0 0 7 0 0
w 576 0 624 0 0
w 576 32 624 32 0
w 576 64 624 64 0
w 576 96 624 96 0
w 576 128 688 128 0
w 576 160 720 160 0
w 720 160 720 128 0
w 576 192 752 192 0
w 752 192 752 128 0
