$ 1 0.000005 10.20027730826997 50 5 43 5e-11
151 448 64 512 64 0 2 0 5
151 448 176 512 176 0 2 5 5
w 512 64 528 64 0
w 528 64 576 64 0
w 512 176 528 176 0
w 528 176 576 176 0
w 448 80 432 80 0
w 448 160 432 160 0
w 432 160 432 144 0
w 432 80 432 96 0
w 432 96 528 144 0
w 528 144 528 176 0
w 432 144 528 96 0
w 528 96 528 64 0
151 320 48 384 48 0 2 5 5
151 320 192 384 192 0 2 0 5
w 384 48 448 48 0
w 384 192 448 192 0
w 320 64 288 64 0
w 288 64 288 176 0
w 288 176 320 176 0
w 288 176 288 304 0
w 288 304 176 304 0
w 320 208 240 208 0
w 320 32 240 32 0
151 160 64 224 64 0 2 0 5
w 240 32 240 64 0
w 240 64 224 64 0
151 160 176 224 176 0 2 5 5
w 240 208 240 176 0
w 240 176 224 176 0
w 160 160 144 160 0
w 144 160 144 128 0
w 144 128 192 128 0
w 192 128 240 64 0
w 160 80 144 80 0
w 144 80 144 112 0
w 144 112 192 112 0
w 192 112 240 176 0
151 48 48 112 48 0 3 5 5
151 48 192 112 192 0 3 5 5
w 112 48 160 48 0
w 112 192 160 192 0
I 112 304 176 304 0 0.5 5
w 112 304 16 304 0
w 16 304 16 176 0
w 16 176 48 176 0
w 16 176 16 64 0
w 16 64 48 64 0
w 48 32 -32 32 0
w 48 208 -32 208 0
w 48 192 32 192 0
w 32 192 32 144 0
w 32 144 432 144 0
w 48 48 32 48 0
w 32 48 32 96 0
w 32 96 432 96 0
w 16 176 -240 176 0
w -32 208 -80 208 0
w -80 208 -80 112 0
w -32 32 -80 32 0
w -80 32 -80 64 0
w -80 32 -240 32 0
I -80 64 -80 112 0 0.5 5
L -240 32 -288 32 0 0 false 5 0
L -240 176 -288 176 0 0 false 5 0
M 576 64 624 64 0 2.5
M 576 176 624 176 0 2.5
x -356 40 -339 43 4 24 D
x -392 179 -310 182 4 24 CLOCK
x 656 67 674 70 4 24 Q
x 656 180 731 183 4 24 NOT\sQ
