$ 1 0.000005 10.20027730826997 50 5 43 5e-11
154 112 128 160 128 0 2 0 5
154 112 224 160 224 0 2 0 5
154 112 304 160 304 0 2 0 5
154 112 400 160 400 0 2 0 5
154 256 176 304 176 0 2 0 5
154 256 352 304 352 0 2 0 5
154 400 256 448 256 0 2 0 5
w 160 128 224 128 0
w 224 128 224 160 0
w 224 160 256 160 0
w 160 224 224 224 0
w 224 224 224 192 0
w 224 192 256 192 0
w 160 304 224 304 0
w 224 304 224 336 0
w 224 336 256 336 0
w 160 400 224 400 0
w 224 400 224 368 0
w 224 368 256 368 0
w 304 176 352 176 0
w 352 176 352 240 0
w 352 240 400 240 0
w 304 352 352 352 0
w 352 352 352 272 0
w 352 272 400 272 0
w 448 256 512 256 0
L 112 112 64 112 0 0 false 5 0
L 112 144 64 144 0 0 false 5 0
L 112 208 64 208 0 0 false 5 0
L 112 240 64 240 0 0 false 5 0
L 112 288 64 288 0 0 false 5 0
L 112 320 64 320 0 0 false 5 0
L 112 384 64 384 0 0 false 5 0
L 112 416 64 416 0 0 false 5 0
L 112 32 64 32 0 0 false 5 0
x -97 37 48 40 4 24 Bit\sverificador
x 21 116 50 119 4 24 B0
x 20 148 49 151 4 24 B1
x 22 213 51 216 4 24 B2
x 21 246 50 249 4 24 B3
x 21 293 50 296 4 24 B4
x 21 324 50 327 4 24 B5
x 21 387 50 390 4 24 B6
x 20 419 49 422 4 24 B7
154 560 240 608 240 0 2 0 5
w 560 256 512 256 0
w 112 32 512 32 0
w 512 32 512 224 0
w 512 224 560 224 0
M 512 256 512 304 0 2.5
x 653 199 776 202 4 12 1\sSE\sESTÁ\sCORRETO
x 654 220 789 223 4 12 0\sSE\sESTÁ\sINCORRETO
x 444 332 621 335 4 12 RESULTADO\sBIT\sDE\sPARIDADE
I 608 240 624 240 0 0.5 5
M 624 240 656 240 0 2.5
