$ 1 0.000005 10.20027730826997 50 5 43 5e-11
L -656 -224 -688 -224 0 1 false 5 0
L -624 -192 -656 -192 0 1 false 5 0
L -592 -160 -624 -160 0 1 false 5 0
L -592 16 -624 16 0 1 false 5 0
L -624 -16 -656 -16 0 1 false 5 0
L -656 -48 -688 -48 0 1 false 5 0
150 -448 -64 -416 -64 0 2 5 5
150 -448 0 -416 0 0 2 5 5
150 -448 64 -416 64 0 2 5 5
150 -496 240 -464 240 0 2 5 5
150 -496 176 -464 176 0 2 5 5
150 -496 112 -464 112 0 2 5 5
150 -512 -112 -480 -112 0 2 5 5
150 -512 -176 -480 -176 0 2 5 5
150 -512 -240 -480 -240 0 2 5 5
x -730 -220 -717 -217 4 24 a
x -694 -184 -681 -181 4 24 b
x -661 -152 -649 -149 4 24 c
x -724 -44 -711 -41 4 24 d
x -689 -12 -676 -9 4 24 e
x -653 23 -647 26 4 24 f
w -592 16 -560 16 0
w -560 16 -560 96 0
w -560 96 -560 160 0
w -560 160 -560 224 0
w -560 224 -496 224 0
w -560 160 -496 160 0
w -560 96 -496 96 0
w -624 -16 -496 -16 0
w -496 -16 -496 -80 0
w -496 -80 -448 -80 0
w -496 -16 -448 -16 0
w -496 -16 -496 48 0
w -496 48 -448 48 0
w -656 -48 -560 -48 0
w -560 -48 -560 -128 0
w -560 -128 -560 -192 0
w -560 -192 -560 -256 0
w -560 -256 -512 -256 0
w -560 -192 -512 -192 0
w -560 -128 -512 -128 0
w -592 -160 -576 -160 0
w -576 -160 -576 -96 0
w -576 -96 -512 -96 0
w -576 -96 -576 80 0
w -576 80 -448 80 0
w -576 80 -576 256 0
w -576 256 -496 256 0
x -513 -108 -481 -105 4 24 d.c
x -447 68 -415 71 4 24 e.c
x -495 247 -470 250 4 24 f.c
x -494 180 -468 183 4 24 f.b
x -493 119 -467 122 4 24 f.a
x -451 5 -418 8 4 24 e.b
x -445 -57 -412 -54 4 24 e.a
x -513 -170 -480 -167 4 24 d.b
x -511 -233 -478 -230 4 24 d.a
w -656 -224 -592 -224 0
w -592 -224 -512 -224 0
w -592 -224 -592 -64 0
w -528 -48 -448 -48 0
w -592 -64 -528 -64 0
w -528 -64 -528 -48 0
w -592 -64 -592 128 0
w -592 128 -496 128 0
w -624 -192 -576 -192 0
w -576 -192 -576 -176 0
w -576 -176 -544 -176 0
w -544 -176 -544 -160 0
w -544 -160 -512 -160 0
w -544 -160 -544 16 0
w -544 16 -448 16 0
w -544 16 -544 192 0
w -544 192 -496 192 0
w -464 240 -96 240 0
w -96 240 -96 304 0
150 -224 176 -192 176 0 2 5 5
154 -224 112 -192 112 0 2 0 5
w -464 176 -400 176 0
w -400 176 -400 128 0
w -400 128 -224 128 0
w -416 64 -256 64 0
w -256 64 -256 96 0
w -256 96 -224 96 0
w -192 112 -160 112 0
w -160 112 -160 304 0
154 -32 32 -16 32 0 2 0 5
150 16 112 32 112 0 2 0 5
154 80 32 96 32 0 2 5 5
150 16 176 32 176 0 2 5 5
152 80 128 96 128 0 2 5 5
w -16 32 0 32 0
w 0 32 0 128 0
w 0 128 16 128 0
w 0 32 32 32 0
w 32 32 32 16 0
w 32 16 80 16 0
w -64 80 -16 80 0
w 48 64 48 48 0
w 48 48 80 48 0
w -16 80 48 80 0
w 48 80 48 64 0
w -32 16 -96 16 0
w -32 48 -80 48 0
w 32 112 80 112 0
w 32 176 64 176 0
w 64 176 64 144 0
w 64 144 80 144 0
w -80 48 -80 160 0
w -80 160 16 160 0
w -96 16 -96 192 0
w -96 192 16 192 0
w -96 16 -112 16 0
w -80 48 -112 48 0
w -16 80 -16 96 0
w -16 96 16 96 0
w -192 176 -128 176 0
w -128 176 -128 80 0
w -128 80 -64 80 0
w -400 176 -256 176 0
w -256 176 -256 192 0
w -256 192 -224 192 0
w -256 96 -256 160 0
w -256 160 -224 160 0
w 96 32 144 32 0
w 144 32 144 224 0
w 144 224 -224 224 0
w -224 224 -224 304 0
w -464 112 -336 112 0
w -336 112 -336 48 0
w -336 48 -112 48 0
w -416 0 -208 0 0
w -208 16 -112 16 0
w -208 0 -208 16 0
w 384 368 432 368 0
w 272 432 304 432 0
w 272 416 272 432 0
w 192 528 304 528 0
w 208 496 304 496 0
w 352 480 368 480 0
w 352 512 352 480 0
w 320 512 352 512 0
w 320 448 368 448 0
w 256 384 208 384 0
w 256 352 192 352 0
w 336 416 336 400 0
w 272 416 336 416 0
w 336 384 368 384 0
w 336 400 336 384 0
w 224 416 272 416 0
w 320 352 368 352 0
w 320 368 320 352 0
w 288 368 320 368 0
w 288 464 304 464 0
w 288 368 288 464 0
w 272 368 288 368 0
152 368 464 384 464 0 2 5 5
150 304 512 320 512 0 2 0 5
154 368 368 384 368 0 2 0 5
150 304 448 320 448 0 2 5 5
154 256 368 272 368 0 2 5 5
w 208 496 208 384 0
w 192 528 192 352 0
w 208 384 160 384 0
w 192 352 160 352 0
154 176 -32 208 -32 0 2 0 5
150 176 32 208 32 0 2 5 5
w 96 128 112 128 0
w 112 128 112 48 0
w 112 48 176 48 0
w 112 48 112 -16 0
w 112 -16 176 -16 0
w -416 -64 144 -64 0
w 144 -64 144 -48 0
w 144 -48 176 -48 0
w 144 -48 144 16 0
w 144 16 176 16 0
w 208 -32 272 -32 0
w 272 -32 272 256 0
w 272 256 -288 256 0
w -288 256 -288 304 0
w 208 32 224 32 0
w 224 32 224 272 0
w 224 272 -336 272 0
w -336 272 -336 304 0
w -96 304 -96 640 0
w -160 304 -160 640 0
154 32 352 64 352 0 2 0 5
150 32 416 64 416 0 2 5 5
w -224 304 -224 336 0
w -224 336 0 336 0
w 0 336 32 336 0
w 0 336 0 400 0
w 0 400 32 400 0
w -480 -112 -384 -112 0
w -384 -112 -384 384 0
w -384 384 -32 384 0
w -32 384 -32 368 0
w -32 368 32 368 0
w -32 384 -32 432 0
w -32 432 32 432 0
w 64 352 112 352 0
w 112 352 112 576 0
w 112 576 -224 576 0
w -224 576 -224 640 0
w 64 416 224 416 0
w -288 304 -288 320 0
w -288 320 160 320 0
w 160 320 160 352 0
w -480 -176 -352 -176 0
w -352 -176 -352 288 0
w -352 288 144 288 0
w 144 288 144 384 0
w 144 384 160 384 0
w 432 368 432 592 0
w 432 592 -272 592 0
w -272 592 -272 640 0
w 384 464 464 464 0
w 464 464 464 400 0
w -480 -240 -320 -240 0
w -320 -240 -320 -96 0
w -320 -96 320 -96 0
w 320 -96 320 272 0
w 320 272 480 272 0
w 592 608 -320 608 0
w -320 608 -320 640 0
w 560 624 -368 624 0
w -368 624 -368 640 0
w 704 448 736 448 0
154 576 352 592 352 0 2 0 5
150 624 432 640 432 0 2 0 5
154 688 352 704 352 0 2 5 5
150 624 496 640 496 0 2 5 5
152 688 448 704 448 0 2 5 5
w 592 352 608 352 0
w 608 352 608 448 0
w 608 448 624 448 0
w 608 352 640 352 0
w 640 352 640 336 0
w 640 336 688 336 0
w 544 400 592 400 0
w 656 384 656 368 0
w 656 368 688 368 0
w 592 400 656 400 0
w 656 400 656 384 0
w 576 336 512 336 0
w 576 368 528 368 0
w 640 432 688 432 0
w 640 496 672 496 0
w 672 496 672 464 0
w 672 464 688 464 0
w 528 480 624 480 0
w 512 512 624 512 0
w 592 400 592 416 0
w 592 416 624 416 0
w 704 352 752 352 0
w 528 480 528 368 0
w 512 512 512 336 0
w 512 336 480 336 0
w 528 368 480 368 0
w 480 272 480 336 0
w 464 400 544 400 0
w -336 304 416 304 0
w 416 304 416 336 0
w 416 336 448 336 0
w 448 336 448 368 0
w 448 368 480 368 0
w 752 352 752 608 0
w 752 608 592 608 0
w 736 448 736 624 0
w 736 624 560 624 0
M -368 640 -368 672 0 2.5
M -320 640 -320 672 0 2.5
M -272 640 -272 672 0 2.5
M -224 640 -224 672 0 2.5
M -160 640 -160 672 0 2.5
M -96 640 -96 672 0 2.5
