$ 1 0.000005 10.20027730826997 50 5 43 5e-11
L -960 -240 -1024 -240 0 0 false 5 0
L -960 -112 -1024 -112 0 0 false 5 0
L -960 16 -1024 16 0 0 false 5 0
L -960 464 -1024 464 0 0 false 5 0
L -960 336 -1024 336 0 0 false 5 0
L -960 208 -1024 208 0 0 false 5 0
150 -144 -64 -112 -64 0 2 0 5
150 -144 0 -112 0 0 2 0 5
150 -144 64 -112 64 0 2 0 5
150 -192 240 -160 240 0 2 0 5
150 -192 176 -160 176 0 2 0 5
150 -192 112 -160 112 0 2 0 5
150 -208 -112 -176 -112 0 2 0 5
150 -208 -176 -176 -176 0 2 0 5
150 -208 -240 -176 -240 0 2 0 5
x -1057 -236 -1044 -233 4 24 a
x -1058 -105 -1045 -102 4 24 b
x -1057 19 -1045 22 4 24 c
x -1061 214 -1048 217 4 24 d
x -1060 339 -1047 342 4 24 e
x -1060 468 -1054 471 4 24 f
w -288 16 -256 16 0
w -256 16 -256 96 0
w -256 96 -256 160 0
w -256 160 -256 224 0
w -256 224 -192 224 0
w -256 160 -192 160 0
w -256 96 -192 96 0
w -320 -16 -192 -16 0
w -192 -16 -192 -80 0
w -192 -80 -144 -80 0
w -192 -16 -144 -16 0
w -192 -16 -192 48 0
w -192 48 -144 48 0
w -352 -48 -256 -48 0
w -256 -48 -256 -128 0
w -256 -128 -256 -192 0
w -256 -192 -256 -256 0
w -256 -256 -208 -256 0
w -256 -192 -208 -192 0
w -256 -128 -208 -128 0
w -288 -160 -272 -160 0
w -272 -160 -272 -96 0
w -272 -96 -208 -96 0
w -272 -96 -272 80 0
w -272 80 -144 80 0
w -272 80 -272 256 0
w -272 256 -192 256 0
x -209 -108 -177 -105 4 24 d.c
x -143 68 -111 71 4 24 e.c
x -191 247 -166 250 4 24 f.c
x -190 180 -164 183 4 24 f.b
x -189 119 -163 122 4 24 f.a
x -147 5 -114 8 4 24 e.b
x -141 -57 -108 -54 4 24 e.a
x -209 -170 -176 -167 4 24 d.b
x -207 -233 -174 -230 4 24 d.a
w -352 -224 -288 -224 0
w -288 -224 -208 -224 0
w -288 -224 -288 -64 0
w -224 -48 -144 -48 0
w -288 -64 -224 -64 0
w -224 -64 -224 -48 0
w -288 -64 -288 128 0
w -288 128 -192 128 0
w -320 -192 -272 -192 0
w -272 -192 -272 -176 0
w -272 -176 -240 -176 0
w -240 -176 -240 -160 0
w -240 -160 -208 -160 0
w -240 -160 -240 16 0
w -240 16 -144 16 0
w -240 16 -240 192 0
w -240 192 -192 192 0
w -160 240 208 240 0
w 208 240 208 304 0
150 80 176 112 176 0 2 0 5
154 80 112 112 112 0 2 0 5
w -160 176 -96 176 0
w -96 176 -96 128 0
w -96 128 80 128 0
w -112 64 48 64 0
w 48 64 48 96 0
w 48 96 80 96 0
w 112 112 144 112 0
w 144 112 144 304 0
154 272 32 288 32 0 2 0 5
150 320 112 336 112 0 2 0 5
154 384 32 400 32 0 2 0 5
150 320 176 336 176 0 2 0 5
152 384 128 400 128 0 2 0 5
w 288 32 304 32 0
w 304 32 304 128 0
w 304 128 320 128 0
w 304 32 336 32 0
w 336 32 336 16 0
w 336 16 384 16 0
w 240 80 288 80 0
w 352 64 352 48 0
w 352 48 384 48 0
w 288 80 352 80 0
w 352 80 352 64 0
w 272 16 208 16 0
w 272 48 224 48 0
w 336 112 384 112 0
w 336 176 368 176 0
w 368 176 368 144 0
w 368 144 384 144 0
w 224 48 224 160 0
w 224 160 320 160 0
w 208 16 208 192 0
w 208 192 320 192 0
w 208 16 192 16 0
w 224 48 192 48 0
w 288 80 288 96 0
w 288 96 320 96 0
w 112 176 176 176 0
w 176 176 176 80 0
w 176 80 240 80 0
w -96 176 48 176 0
w 48 176 48 192 0
w 48 192 80 192 0
w 48 96 48 160 0
w 48 160 80 160 0
w 400 32 448 32 0
w 448 32 448 224 0
w 448 224 80 224 0
w 80 224 80 304 0
w -160 112 -32 112 0
w -32 112 -32 48 0
w -32 48 192 48 0
w -112 0 96 0 0
w 96 16 192 16 0
w 96 0 96 16 0
w 688 368 736 368 0
w 576 432 608 432 0
w 576 416 576 432 0
w 496 528 608 528 0
w 512 496 608 496 0
w 656 480 672 480 0
w 656 512 656 480 0
w 624 512 656 512 0
w 624 448 672 448 0
w 560 384 512 384 0
w 560 352 496 352 0
w 640 416 640 400 0
w 576 416 640 416 0
w 640 384 672 384 0
w 640 400 640 384 0
w 528 416 576 416 0
w 624 352 672 352 0
w 624 368 624 352 0
w 592 368 624 368 0
w 592 464 608 464 0
w 592 368 592 464 0
w 576 368 592 368 0
152 672 464 688 464 0 2 0 5
150 608 512 624 512 0 2 0 5
154 672 368 688 368 0 2 0 5
150 608 448 624 448 0 2 0 5
154 560 368 576 368 0 2 0 5
w 512 496 512 384 0
w 496 528 496 352 0
w 512 384 464 384 0
w 496 352 464 352 0
154 480 -32 512 -32 0 2 0 5
150 480 32 512 32 0 2 0 5
w 400 128 416 128 0
w 416 128 416 48 0
w 416 48 480 48 0
w 416 48 416 -16 0
w 416 -16 480 -16 0
w -112 -64 448 -64 0
w 448 -64 448 -48 0
w 448 -48 480 -48 0
w 448 -48 448 16 0
w 448 16 480 16 0
w 512 -32 576 -32 0
w 576 -32 576 256 0
w 576 256 16 256 0
w 16 256 16 304 0
w 512 32 528 32 0
w 528 32 528 272 0
w 528 272 -32 272 0
w -32 272 -32 304 0
w 208 304 208 640 0
w 144 304 144 640 0
154 336 352 368 352 0 2 0 5
150 336 416 368 416 0 2 0 5
w 80 304 80 336 0
w 80 336 304 336 0
w 304 336 336 336 0
w 304 336 304 400 0
w 304 400 336 400 0
w -176 -112 -80 -112 0
w -80 -112 -80 384 0
w -80 384 272 384 0
w 272 384 272 368 0
w 272 368 336 368 0
w 272 384 272 432 0
w 272 432 336 432 0
w 368 352 416 352 0
w 416 352 416 576 0
w 416 576 80 576 0
w 80 576 80 640 0
w 368 416 528 416 0
w 16 304 16 320 0
w 16 320 464 320 0
w 464 320 464 352 0
w -176 -176 -48 -176 0
w -48 -176 -48 288 0
w -48 288 448 288 0
w 448 288 448 384 0
w 448 384 464 384 0
w 736 368 736 592 0
w 736 592 32 592 0
w 32 592 32 640 0
w 688 464 768 464 0
w 768 464 768 400 0
w -176 -240 -16 -240 0
w -16 -240 -16 -96 0
w -16 -96 624 -96 0
w 624 -96 624 272 0
w 624 272 784 272 0
w 896 608 -16 608 0
w -16 608 -16 640 0
w 864 624 -64 624 0
w -64 624 -64 640 0
w 1008 448 1040 448 0
154 880 352 896 352 0 2 0 5
150 928 432 944 432 0 2 0 5
154 992 352 1008 352 0 2 0 5
150 928 496 944 496 0 2 0 5
152 992 448 1008 448 0 2 0 5
w 896 352 912 352 0
w 912 352 912 448 0
w 912 448 928 448 0
w 912 352 944 352 0
w 944 352 944 336 0
w 944 336 992 336 0
w 848 400 896 400 0
w 960 384 960 368 0
w 960 368 992 368 0
w 896 400 960 400 0
w 960 400 960 384 0
w 880 336 816 336 0
w 880 368 832 368 0
w 944 432 992 432 0
w 944 496 976 496 0
w 976 496 976 464 0
w 976 464 992 464 0
w 832 480 928 480 0
w 816 512 928 512 0
w 896 400 896 416 0
w 896 416 928 416 0
w 1008 352 1056 352 0
w 832 480 832 368 0
w 816 512 816 336 0
w 816 336 784 336 0
w 832 368 784 368 0
w 784 272 784 336 0
w 768 400 848 400 0
w -32 304 720 304 0
w 720 304 720 336 0
w 720 336 752 336 0
w 752 336 752 368 0
w 752 368 784 368 0
w 1056 352 1056 608 0
w 1056 608 896 608 0
w 1040 448 1040 624 0
w 1040 624 864 624 0
M -64 640 -64 672 0 2.5
M -16 640 -16 672 0 2.5
M 32 640 32 672 0 2.5
M 80 640 80 672 0 2.5
M 144 640 144 672 0 2.5
M 208 640 208 672 0 2.5
155 -960 -240 -1008 -240 0 0
155 -816 -240 -784 -240 0 0
155 -672 -240 -656 -240 0 0
155 -672 -112 -656 -112 0 0
155 -816 -112 -784 -112 0 0
155 -960 -112 -1008 -112 0 0
155 -672 16 -656 16 0 0
155 -816 16 -784 16 0 0
155 -960 16 -1008 16 0 0
155 -960 464 -1008 464 0 0
155 -816 464 -784 464 0 0
155 -672 464 -656 464 0 0
155 -960 336 -1008 336 0 0
155 -816 336 -784 336 0 0
155 -672 336 -656 336 0 0
155 -672 208 -656 208 0 0
155 -816 208 -784 208 0 0
155 -960 208 -1008 208 0 0
w -864 -240 -816 -240 0
w -720 -240 -672 -240 0
w -864 -112 -816 -112 0
w -720 -112 -672 -112 0
w -864 16 -816 16 0
w -720 16 -672 16 0
w -864 208 -816 208 0
w -720 208 -672 208 0
w -864 336 -816 336 0
w -720 336 -672 336 0
w -864 464 -816 464 0
w -720 464 -672 464 0
w -576 -240 -352 -240 0
w -352 -240 -352 -224 0
w -576 -112 -384 -112 0
w -384 -112 -384 -192 0
w -384 -192 -320 -192 0
w -576 16 -448 16 0
w -448 16 -448 -80 0
w -448 -80 -320 -80 0
w -320 -80 -320 -160 0
w -320 -160 -288 -160 0
w -576 208 -400 208 0
w -400 208 -400 -48 0
w -400 -48 -352 -48 0
w -576 336 -368 336 0
w -368 336 -368 -16 0
w -368 -16 -320 -16 0
w -576 464 -336 464 0
w -336 464 -336 16 0
w -336 16 -288 16 0
w -672 -208 -704 -208 0
w -704 -208 -704 -80 0
w -704 -80 -672 -80 0
w -704 -80 -704 48 0
w -704 48 -672 48 0
w -704 48 -704 144 0
w -704 144 -704 240 0
w -704 240 -672 240 0
w -704 144 -848 144 0
w -704 240 -704 368 0
w -704 368 -672 368 0
w -704 368 -704 496 0
w -704 496 -672 496 0
w -848 144 -848 240 0
w -848 240 -816 240 0
w -848 240 -848 368 0
w -848 368 -816 368 0
w -848 368 -848 496 0
w -848 496 -816 496 0
w -848 144 -848 48 0
w -848 48 -816 48 0
w -848 48 -848 -80 0
w -848 -80 -816 -80 0
w -848 -80 -848 -208 0
w -848 -208 -816 -208 0
w -960 -208 -976 -208 0
w -976 -208 -976 -80 0
w -976 -80 -960 -80 0
w -976 -80 -976 48 0
w -976 48 -960 48 0
w -976 240 -960 240 0
w -976 240 -976 368 0
w -976 368 -960 368 0
w -976 368 -976 496 0
w -976 496 -960 496 0
w -848 144 -976 144 0
w -976 240 -976 144 0
w -976 144 -976 48 0
L -976 496 -976 640 0 0 false 5 0
x -962 645 -880 648 4 24 CLOCK
