$ 1 0.000005 10.20027730826997 50 5 43 5e-11
L -16 144 -80 144 0 0 false 5 0
L 16 192 -48 192 0 0 false 5 0
L -16 304 -80 304 0 0 false 5 0
L 32 352 -48 352 0 0 false 5 0
x -128 148 -112 151 4 24 A
x -88 196 -72 199 4 24 B
x -91 357 -74 360 4 24 D
x -123 311 -106 314 4 24 C
150 128 64 192 64 0 2 0 5
150 128 128 192 128 0 2 0 5
150 128 192 192 192 0 2 0 5
150 128 256 192 256 0 2 0 5
w 16 192 16 48 0
w 16 48 64 48 0
w 32 352 32 112 0
w 32 80 128 80 0
w 32 112 128 112 0
w 32 80 32 112 0
w -16 144 96 144 0
w -16 304 48 304 0
w 48 304 48 240 0
w 48 240 128 240 0
w 48 240 48 176 0
w 48 176 128 176 0
w 96 144 96 208 0
w 96 208 128 208 0
w 96 144 128 144 0
w 64 48 64 272 0
w 64 272 128 272 0
w 64 48 128 48 0
x 142 68 175 71 4 24 d.b
x 142 131 175 134 4 24 d.a
x 143 196 175 199 4 24 c.a
x 142 259 174 262 4 24 c.b
M 480 80 512 80 0 2.5
M 544 80 576 80 0 2.5
M 608 80 640 80 0 2.5
M 672 80 704 80 0 2.5
w 192 64 672 64 0
w 672 64 672 80 0
154 320 128 368 128 0 2 0 5
150 320 192 368 192 0 2 0 5
w 192 128 240 128 0
w 240 128 240 112 0
w 240 112 320 112 0
w 192 256 256 256 0
w 256 256 256 208 0
w 256 208 256 144 0
w 256 144 320 144 0
w 256 208 320 208 0
w 240 128 240 176 0
w 240 176 320 176 0
w 368 128 608 128 0
w 608 128 608 80 0
154 448 272 496 272 0 2 0 5
150 448 352 496 352 0 2 0 5
w 192 192 208 192 0
w 208 240 416 240 0
w 208 192 208 240 0
w 416 240 416 256 0
w 416 256 448 256 0
w 368 192 384 192 0
w 384 192 384 288 0
w 384 288 384 368 0
w 384 368 448 368 0
w 384 288 448 288 0
w 416 256 416 336 0
w 416 336 448 336 0
w 496 272 544 272 0
w 544 272 544 80 0
w 496 352 512 352 0
w 512 352 512 112 0
w 512 112 480 112 0
w 480 112 480 80 0
