$ 1 0.000005 10.20027730826997 50 5 43 5e-11
155 -96 0 -32 0 0 0
155 -96 128 -80 128 0 0
155 -96 256 -80 256 0 0
155 -96 384 -80 384 0 0
155 -96 -128 -80 -128 0 0
w 0 -128 112 -128 0
w 0 0 0 -32 0
w 0 -32 -112 -32 0
w -112 -32 -112 -128 0
w -112 -128 -96 -128 0
w 0 0 112 0 0
w 0 128 0 96 0
w 0 96 -112 96 0
w -112 96 -112 0 0
w -112 0 -96 0 0
w 0 128 112 128 0
w 0 256 0 224 0
w 0 224 -112 224 0
w -112 224 -112 128 0
w -112 128 -96 128 0
w 0 256 112 256 0
w 0 384 0 352 0
w 0 352 -112 352 0
w -112 352 -112 256 0
w -112 256 -96 256 0
w 0 352 112 352 0
w -96 -96 -160 -96 0
w -96 32 -160 32 0
w -96 160 -160 160 0
w -96 288 -160 288 0
w -96 416 -160 416 0
w -160 -96 -160 32 0
w -160 32 -160 160 0
w -160 160 -160 288 0
w -160 288 -160 416 0
w -160 416 -160 544 0
w -96 384 -112 384 0
w -112 384 -112 592 0
w -160 544 -240 544 0
w -112 592 -240 592 0
L -240 544 -304 544 0 0 false 5 0
L -240 592 -304 592 0 0 false 5 0
x -375 549 -329 552 4 24 CLK
x -526 598 -320 601 4 24 ENTRADA\sSERIAL
154 272 -64 368 -64 0 2 0 5
154 464 64 560 64 0 2 0 5
154 640 192 736 192 0 2 0 5
154 800 304 896 304 0 2 0 5
w 112 -128 272 -128 0
w 272 -128 272 -80 0
w 112 0 272 0 0
w 272 0 272 -48 0
w 368 -64 464 -64 0
w 464 -64 464 48 0
w 112 128 464 128 0
w 464 128 464 80 0
w 560 64 640 64 0
w 640 64 640 176 0
w 112 256 640 256 0
w 640 256 640 208 0
w 736 192 800 192 0
w 800 192 800 288 0
w 112 352 800 352 0
w 800 352 800 320 0
M 896 304 992 304 0 2.5
x 926 346 1086 349 4 24 CORRETO\s\q\s0
x 948 274 1058 277 4 24 ERRO\s\q\s1
