$ 1 0.000005 10.20027730826997 50 5 43 5e-11
155 -176 256 -128 240 0 0
155 -48 256 -16 256 0 5
155 80 256 112 256 0 0
155 208 256 224 256 0 5
155 720 256 736 256 0 5
155 592 256 624 256 0 0
155 464 256 496 256 0 5
155 336 256 384 240 0 0
w -80 256 -48 256 0
w 48 256 80 256 0
w 176 256 208 256 0
w 304 256 336 256 0
w 432 256 464 256 0
w 560 256 592 256 0
w 688 256 720 256 0
w 816 256 816 176 0
w 720 256 720 176 0
w 592 256 592 176 0
w 464 256 464 176 0
w 336 256 336 176 0
w 208 256 208 176 0
w 80 256 80 176 0
w -48 256 -48 176 0
L -176 256 -224 256 0 0 false 5 0
L -176 416 -224 416 0 0 false 5 0
w -176 416 -176 288 0
w -176 416 -48 416 0
w -48 416 -48 288 0
w -48 416 80 416 0
w 80 416 80 288 0
w 80 416 208 416 0
w 208 416 208 288 0
w 208 416 336 416 0
w 336 416 336 288 0
w 336 416 464 416 0
w 464 416 464 288 0
w 464 416 592 416 0
w 592 416 592 288 0
w 592 416 720 416 0
w 720 416 720 288 0
x -246 229 -209 232 4 24 BIT
x -252 392 -206 395 4 24 CLK
M -48 176 -48 128 0 2.5
M 80 176 80 128 0 2.5
M 208 176 208 128 0 2.5
M 336 176 336 128 0 2.5
M 464 176 464 128 0 2.5
M 592 176 592 128 0 2.5
M 720 176 720 128 0 2.5
M 816 176 816 128 0 2.5
