$ 1 0.000005 10.20027730826997 50 5 43 5e-11
155 -176 256 -128 240 0 0
155 -48 256 -16 256 0 0
155 80 256 112 256 0 0
155 208 256 224 256 0 0
155 720 256 736 256 0 0
155 592 256 624 256 0 0
155 464 256 496 256 0 0
155 336 256 384 240 0 0
w 816 256 816 176 0
L -208 416 -256 416 0 0 false 5 0
w -176 416 -176 288 0
w -176 416 -48 416 0
w -48 416 -48 288 0
w -48 416 80 416 0
w 80 416 80 288 0
w 80 416 208 416 0
w 208 416 208 288 0
w 208 416 336 416 0
w 336 416 336 288 0
w 336 416 464 416 0
w 464 416 464 288 0
w 464 416 592 416 0
w 592 416 592 288 0
w 592 416 720 416 0
w 720 416 720 288 0
x -280 392 -234 395 4 24 CLK
M -80 176 -80 128 0 2.5
M 48 176 48 128 0 2.5
M 176 176 176 128 0 2.5
M 304 176 304 128 0 2.5
M 432 176 432 128 0 2.5
M 560 176 560 128 0 2.5
M 688 176 688 128 0 2.5
M 816 176 816 128 0 2.5
w -176 256 -192 256 0
w -192 256 -192 464 0
w -80 256 -80 176 0
w 48 256 48 176 0
w 176 256 176 176 0
w 304 256 304 176 0
w 432 256 432 176 0
w 560 256 560 176 0
w 688 256 688 176 0
w -48 256 -64 256 0
w -64 256 -64 464 0
w 80 256 64 256 0
w 64 256 64 464 0
w 208 256 192 256 0
w 192 256 192 464 0
w 336 256 320 256 0
w 320 256 320 464 0
w 464 256 448 256 0
w 448 256 448 464 0
w 592 256 576 256 0
w 576 256 576 464 0
w 720 256 704 256 0
w 704 256 704 464 0
w -208 416 -176 416 0
L -192 464 -192 512 0 1 false 5 0
L -64 464 -64 512 0 1 false 5 0
L 64 464 64 512 0 0 false 5 0
L 192 464 192 512 0 1 false 5 0
L 320 464 320 512 0 1 false 5 0
L 448 464 448 512 0 1 false 5 0
L 576 464 576 512 0 1 false 5 0
L 704 464 704 512 0 1 false 5 0
